 19.1338 
 17.8158 
 19.5047 
 18.5281 
 19.3811 
 19.3398 
 20.2221 
 18.8804 
 19.1443 
 18.8659 
 18.9319 
 19.2231 
 18.0816 
 16.6554 
 17.6123 
 15.1179 
 18.4076 
 16.4461 
 17.0679 
 18.6352 
 15.5283 
 14.7568 
 14.0926 
 17.9784 
 15.1047 
 17.2202 
 18.0322 
 13.9045 
 18.2981 
 15.1203 
 13.4113 
 14.1922 
 14.7162 
 14.1738 
 14.7712 
 13.8825 
 15.0731 
 15.1524 
 15.2015 
 12.8988 
 14.9718 
 13.7819 
 14.2024 
 13.5069 
 14.5090 
 11.8919 
 13.2632 
 12.6570 
 11.6763 
 13.5535 
 13.1712 
 12.2613 
 15.2812 
 14.4192 
 15.0243 
 11.6521 
 13.5172 
 14.0438 
 13.2866 
 14.7024 
 12.4949 
 11.5418 
 11.8269 
 15.3296 
 12.1175 
 11.6332 
 13.2388 
 11.7281 
 12.9318 
 12.8602 
 11.5694 
 13.1836 
 13.3914 
 12.3895 
 11.0285 
 11.1148 
 11.7372 
 11.5591 
 10.9800 
 13.2573 
  9.4215 
 11.9345 
 10.3480 
 11.7380 
  9.2977 
 12.1019 
 12.0671 
 12.7074 
 10.4131 
 11.3800 
 10.6913 
 10.4391 
 10.8297 
 11.3910 
 11.3336 
 10.9597 
 12.7290 
 11.5051 
 12.3793 
  9.8114 
 12.7822 
  9.6972 
 10.9094 
 11.5300 
 10.9579 
 12.1464 
 11.9844 
 10.5329 
 10.6734 
 10.6800 
 10.6416 
 11.5312 
 12.4702 
 10.7927 
 13.2056 
 10.1643 
 10.3569 
 12.0193 
 11.5125 
 11.3594 
 12.7786 
 11.8049 
 12.7922 
 13.6224 
 11.6600 
 13.6338 
 12.3077 
 15.0534 
 11.5269 
 12.3953 
 12.4711 
 14.2577 
 12.6950 
 13.6194 
 14.3018 
 12.8279 
 12.3777 
 14.5941 
 14.8539 
 15.0955 
 16.4352 
 14.8546 
 16.7232 
 13.3317 
 16.8661 
 15.2076 
 17.4033 
 18.0865 
 17.1385 
 15.2796 
 18.3617 
 18.5867 
 19.7874 
 18.0794 
 20.4303 
 19.8674 
 19.7721 
 21.0783 
 22.6252 
 22.1415 
 22.3361 
 24.7023 
 24.0645 
 23.3885 
 24.4679 
 24.4689 
 25.9049 
 26.1183 
 24.2795 
 25.4364 
 29.0110 
 28.3121 
 31.0209 
 30.8540 
 28.6823 
 29.5796 
 31.8367 
 33.4025 
 33.0341 
 30.8620 
 33.0858 
 33.4912 
 35.4520 
 34.2766 
 33.9457 
 35.3125 
 37.1224 
 35.1345 
 37.1567 
 36.9578 
 37.9516 
 36.2677 
 37.7967 
 38.2210 
 38.2500 
 39.2215 
 40.4011 
 40.9460 
 39.8092 
 38.3455 
 39.1466 
 42.0990 
 39.0342 
 41.2128 
 41.3563 
 40.0739 
 40.9812 
 41.5588 
 41.2768 
 40.6070 
 42.8787 
 39.5879 
 39.3830 
 39.6135 
 41.7999 
 39.4298 
 42.9678 
 41.2009 
 39.8491 
 41.6954 
 41.1388 
 37.5963 
 38.0847 
 37.9925 
 38.7970 
 38.8227 
 36.6627 
 38.9834 
 35.8968 
 37.6848 
 37.2054 
 34.9101 
 39.5829 
 38.3103 
 34.5520 
 36.6149 
 36.6440 
 36.5420 
 34.2702 
 34.5506 
 34.7097 
 32.6200 
 33.9057 
 31.8997 
 34.4089 
 32.2451 
 30.9677 
 32.3241 
 31.8942 
 31.0821 
 32.9431 
 31.8113 
 30.9559 
 31.0506 
 30.8231 
 31.1032 
 31.4292 
 30.8983 
 29.7180 
 30.2155 
 29.8607 
 28.5176 
 29.2344 
 27.7628 
 29.0733 
 29.7690 
 27.7964 
 26.9395 
 30.6254 
 28.6789 
 28.8898 
 27.7000 
 25.3667 
 27.5915 
 25.9527 
 26.5471 
 26.7022 
 25.7019 
 24.8217 
 27.6718 
 25.6291 
 26.6412 
 24.8394 
 26.4301 
 22.4758 
 24.9826 
 23.5726 
 26.1801 
 24.4605 
 24.8764 
 23.9360 
 23.6247 
 22.7640 
 23.3428 
 23.2919 
 22.1647 
 22.4956 
 24.0336 
 22.1727 
 23.7205 
 20.7688 
 23.1324 
 21.3472 
 21.0201 
 22.1858 
 21.3522 
 20.2156 
 21.6111 
 21.7297 
 22.2916 
 20.8257 
 20.9390 
 20.5894 
 21.9113 
 21.3604 
 19.5088 
 19.5026 
 22.0081 
 19.4517 
 19.6880 
 19.9547 
 19.5682 
 20.3782 
 19.6311 
 19.9803 
 18.9994 
 19.8188 
 18.6513 
 18.5141 
 18.7218 
 18.1250 
 21.1248 
 18.9514 
 17.2718 
 17.2739 
 20.3296 
 19.1093 
 18.2777 
 16.7874 
 18.9651 
 18.2214 
 17.9109 
 15.5652 
 16.8169 
 16.4249 
 17.8918 
 16.9344 
 16.9102 
 18.0185 
 16.4343 
 13.3631 
 16.6500 
 15.7398 
 15.2467 
 15.4734 
 14.6567 
 14.5810 
 15.5209 
 14.5106 
 16.4019 
 17.2027 
 18.4556 
 16.6956 
 15.1527 
 16.7626 
 15.1977 
 16.2190 
 17.7702 
 15.8136 
 14.9398 
 14.5947 
 14.4816 
 13.5920 
 15.2183 
 14.5099 
 15.0918 
 16.4642 
 16.4525 
 16.2086 
 13.8569 
 13.1186 
 15.0981 
 14.8611 
 14.7949 
 13.8754 
 17.4268 
 14.3450 
 13.8918 
 15.7050 
 15.1109 
 15.2028 
 15.3480 
 15.5251 
 14.4332 
 13.9282 
 13.3335 
 15.1003 
 13.6380 
 15.0724 
 15.3625 
 14.8409 
 13.3328 
 13.8457 
 15.5029 
 15.9701 
 15.9737 
 13.3654 
 15.5571 
 13.3710 
 15.8989 
 15.4635 
 14.6655 
 17.2230 
 15.5765 
 17.5296 
 16.1894 
 14.5845 
 14.8520 
 14.7102 
 14.2204 
 16.5915 
 16.5362 
 15.3986 
 16.6465 
 15.7735 
 17.4408 
 18.0513 
 19.3884 
 16.5286 
 15.6027 
 19.0768 
 18.5994 
 18.5931 
 19.2281 
 18.5119 
 17.6186 
 18.9157 
 19.2076 
 20.3633 
 20.9107 
 21.1488 
 21.6301 
 22.9527 
 22.3788 
 21.7622 
 22.2182 
 21.0236 
 22.7518 
 23.1887 
 24.5969 
 25.4206 
 24.9026 
 23.9622 
 26.4583 
 27.4674 
 25.4262 
 26.8930 
 26.1527 
 28.4970 
 28.7358 
 29.9952 
 25.5940 
 27.9362 
 28.0868 
 27.6443 
 28.8462 
 29.1953 
 31.1458 
 31.8431 
 29.7325 
 32.0370 
 31.5542 
 30.5890 
 33.1557 
 32.9621 
 35.0467 
 32.5638 
 35.6979 
 33.1630 
 36.9906 
 37.9431 
 36.9413 
 35.1584 
 36.6349 
 33.8470 
 35.7755 
 37.0698 
 37.2709 
 37.1197 
 39.0540 
 38.4076 
 37.9135 
 39.6577 
 36.2961 
 37.2856 
 38.6027 
 39.5993 
 37.8794 
 36.1428 
 37.8462 
 38.1319 
 39.7368 
 38.1477 
 39.2988 
 37.9360 
 37.1541 
 38.9290 
 38.8542 
 37.7611 
 36.2890 
 36.4753 
 38.3852 
 36.5458 
 37.0166 
 36.4051 
 36.6878 
 35.2804 
 36.5258 
 35.7369 
 37.2901 
 36.5174 
 35.8046 
 33.7431 
 37.7101 
 36.3535 
 35.0089 
 36.3530 
 33.2264 
 35.4996 
 34.3317 
 32.8775 
 34.4419 
 33.3413 
 34.6800 
 32.0702 
 33.0838 
 32.8849 
 31.8412 
 35.2711 
 32.6271 
 30.6779 
 32.1620 
 32.2708 
 30.9771 
 31.0864 
 30.1689 
 31.6898 
 31.7701 
 30.4225 
 28.8038 
 29.4702 
 29.6267 
 30.6344 
 28.8487 
 27.8684 
 27.6522 
 28.7278 
 26.2951 
 25.9818 
 28.1551 
 29.0298 
 26.7267 
 27.0365 
 26.5733 
 26.3683 
 26.8890 
 27.1178 
 28.0576 
 26.1217 
 25.0501 
 25.6790 
 26.9155 
 26.1222 
 26.5060 
 25.9092 
 23.2470 
 25.8820 
 26.2403 
 21.4957 
 24.1345 
 23.7466 
 22.7083 
 25.0740 
 22.5520 
 23.2103 
 23.2306 
 21.6109 
 22.7851 
 20.7232 
 22.1072 
 22.4532 
 23.0593 
 23.2154 
 22.8635 
 19.4120 
 21.8715 
 22.5596 
 19.3316 
 22.4873 
 19.5778 
 20.6408 
 22.3667 
 19.4599 
 19.1866 
 19.6806 
 20.3706 
 18.4693 
 21.2077 
 20.2136 
 19.0798 
 18.9944 
 20.2586 
 19.1731 
 19.3960 
 19.2770 
 20.1430 
 17.8659 
 19.7077 
 18.5633 
 18.2886 
 19.5775 
 19.4893 
 17.0775 
 20.3008 
 18.5278 
 17.6642 
 17.3751 
 16.2258 
 18.3440 
 17.9351 
 16.9665 
 18.0425 
 15.0252 
 15.4113 
 18.2845 
 16.5551 
 17.9312 
 18.2828 
 16.3481 
 15.2622 
 16.8514 
 17.0383 
 18.5343 
 15.6485 
 16.0158 
 16.0123 
 15.4668 
 13.3173 
 13.6540 
 15.8603 
 15.7170 
 14.6629 
 15.7732 
 14.6832 
 14.7728 
 14.7050 
 13.0366 
 15.9896 
 14.5518 
 14.0271 
 12.7938 
 13.5806 
 14.3432 
 13.6918 
 15.1458 
 12.8910 
 13.1828 
 11.4719 
 13.7345 
 14.0050 
 14.1607 
 13.1618 
 13.1906 
 12.2642 
 12.2593 
 12.1566 
 13.0990 
 10.9244 
 13.3804 
 11.6807 
 11.4355 
 11.8875 
 13.6339 
 13.0764 
 12.2093 
 11.0583 
 12.5213 
 12.3344 
 12.0373 
 10.8666 
 11.8964 
 11.4185 
 10.9609 
 11.7297 
 11.6752 
 10.2751 
 12.6000 
  9.8755 
 10.7291 
  9.5304 
 11.4459 
 10.3257 
 10.0774 
 12.0698 
  9.0244 
 12.2831 
 11.4216 
 10.0716 
  7.8235 
 10.6272 
  9.6869 
 10.6483 
  7.6297 
  8.5892 
 10.3088 
 10.1965 
  9.4555 
 10.2918 
 10.0630 
  8.8423 
  8.4375 
  9.2472 
  9.0834 
  9.6116 
  9.0050 
  9.0594 
 10.0372 
 10.2965 
  9.0644 
  7.7328 
  8.7629 
  9.3197 
  8.5505 
  8.1356 
  9.2923 
  9.2957 
  9.5027 
  7.6642 
  9.7787 
  8.4042 
  9.7267 
 10.0180 
  9.7911 
  8.6150 
  7.9496 
  9.1065 
  7.1724 
  9.1814 
  8.3721 
  8.9954 
  7.1009 
  8.9987 
  8.4766 
 11.0167 
  7.1562 
  9.5439 
 11.2626 
 12.3297 
  8.8608 
 11.3803 
  9.0806 
  6.8212 
  9.3830 
  9.0945 
  8.8173 
 10.0189 
  7.8744 
  9.4564 
  9.3726 
  9.9318 
  9.0766 
  8.8441 
 10.1470 
 12.9991 
 11.2745 
 11.8532 
  9.1362 
 11.2892 
 10.1948 
 11.7318 
 11.6551 
 13.0437 
 12.5577 
 10.4151 
 14.2387 
 13.9489 
 14.2688 
 11.4736 
 11.7834 
 12.2408 
 13.5267 
 15.6765 
 14.3388 
 15.6009 
 15.6496 
 13.3002 
 13.7763 
 15.5092 
 15.4682 
 19.6928 
 18.9532 
 18.7339 
 18.0427 
 18.9889 
 18.6765 
 17.8564 
 18.6551 
 18.8450 
 21.1214 
 18.6199 
 22.4238 
 21.0255 
 22.6906 
 24.5882 
 23.2942 
 23.3345 
 26.4115 
 25.8247 
 28.0078 
 26.5535 
 26.8259 
 25.4514 
 27.5234 
 30.5402 
 30.5031 
 32.3144 
 29.8523 
 31.3620 
 33.5174 
 34.0682 
 33.5791 
 34.1139 
 38.2248 
 35.2495 
 35.0751 
 34.2517 
 36.5516 
 38.0407 
 39.4944 
 36.5416 
 42.0124 
 40.1695 
 39.8673 
 40.9091 
 40.5315 
 40.2265 
 39.2705 
 40.8137 
 41.9284 
 41.1462 
 43.2263 
 40.5044 
 42.5982 
 42.5720 
 44.6085 
 41.6499 
 44.2054 
 43.7790 
 42.6353 
 42.9047 
 40.3946 
 44.7513 
 41.6681 
 43.7037 
 41.5777 
 41.8740 
 41.4723 
 42.7444 
 41.5744 
 41.3816 
 39.4219 
 40.5842 
 39.9673 
 39.9566 
 40.2807 
 40.9639 
 36.8357 
 38.6642 
 38.7571 
 37.7002 
 37.9219 
 36.5041 
 38.4771 
 35.7422 
 36.4314 
 35.4073 
 37.2211 
 34.9110 
 35.3315 
 37.0951 
 35.9786 
 32.9365 
 33.0277 
 35.8770 
 34.2624 
 29.3676 
 32.8348 
 34.9737 
 31.6897 
 31.0129 
 30.5259 
 30.9960 
 32.7396 
 30.5960 
 30.1286 
 29.8083 
 29.6408 
 29.2929 
 30.3526 
 28.8975 
 28.3993 
 30.9674 
 31.9311 
 29.8672 
 27.7564 
 27.2576 
 27.0475 
 29.2574 
 27.6428 
 29.1971 
 28.3980 
 24.8450 
 23.5823 
 28.1379 
 26.2061 
 26.6446 
 27.3453 
 26.5980 
 23.7906 
 25.4979 
 24.7217 
 25.4404 
 24.6681 
 26.0155 
 25.5781 
 25.0360 
 23.4865 
 25.5567 
 23.3503 
 22.0461 
 26.0294 
 24.0819 
 21.5172 
 24.1068 
 24.4616 
 22.7524 
 22.5898 
 24.1899 
 22.6559 
 24.5372 
 21.4464 
 20.9574 
 21.3003 
 22.7408 
 22.9356 
 21.8192 
 21.7866 
 21.4034 
 20.6695 
 22.1690 
 22.1539 
 21.5055 
 20.9834 
 20.5056 
 22.3791 
 20.4989 
 20.0656 
 19.8814 
 19.6323 
 20.0793 
 20.2790 
 20.7054 
 19.6154 
 19.0235 
 18.7152 
 18.9734 
 18.2521 
 18.7049 
 18.0508 
 20.4683 
 19.7677 
 19.6744 
 20.0560 
 18.8651 
 19.5585 
 17.8961 
 18.6781 
 18.3101 
 17.7697 
 19.9334 
 16.0400 
 18.4573 
 17.5989 
 18.8456 
 19.5814 
 18.3896 
 18.4662 
 17.9082 
 16.1443 
 18.3329 
 18.1033 
 19.4034 
 16.4538 
 18.8691 
 20.1933 
 16.9549 
 16.5693 
 17.8158 
 20.0754 
 16.8227 
 15.5679 
 16.4788 
 16.3430 
 17.1000 
 15.9365 
 17.2748 
 18.2510 
 18.2744 
 19.1618 
 17.4049 
 17.1722 
 18.7297 
 15.6076 
 17.0351 
 15.3215 
 16.8578 
 16.3885 
 17.6294 
 18.8842 
 15.3288 
 18.7113 
 18.5736 
 16.3370 
 17.5855 
 16.1957 
 17.1976 
 18.5127 
 20.0596 
 17.9782 
 18.8957 
 17.9315 
 18.8025 
 16.9048 
 20.3562 
 18.6021 
 19.9443 
 18.5202 
 19.0771 
 21.2204 
 20.4293 
 15.8865 
 19.7056 
 18.0593 
 21.8158 
 19.9386 
 21.0528 
 21.9745 
 21.6663 
 21.1122 
 21.4286 
 22.2357 
 23.2764 
 22.5253 
 22.4005 
 20.5756 
 19.3090 
 22.5547 
 21.3866 
 22.9384 
 22.1055 
 22.3833 
 24.3656 
 22.7901 
 24.6301 
 27.3263 
 25.9450 
 25.7854 
 26.0267 
 27.7214 
 26.1792 
 27.1234 
 29.3967 
 28.0140 
 26.3267 
 28.1844 
 29.4274 
 27.4739 
 29.8767 
 28.0930 
 30.0868 
 27.2881 
 29.0255 
 29.8831 
 30.2992 
 30.8052 
 32.9746 
 30.9423 
 29.8516 
 34.1730 
 31.9438 
 29.7191 
 32.3794 
 31.3703 
 34.6722 
 33.8513 
 32.3232 
 34.0145 
 32.8369 
 35.4578 
 33.2238 
 35.8452 
 34.5783 
 34.3704 
 36.8139 
 36.4013 
 34.7983 
 34.1414 
 33.9192 
 35.3090 
 35.9512 
 32.6680 
 33.5069 
 35.9249 
 36.3160 
 36.4065 
 37.8349 
 35.7149 
 34.2883 
 37.1873 
 36.0108 
 34.8718 
 35.7183 
 34.9244 
 33.9553 
 34.2112 
 32.1666 
 34.2289 
 35.6632 
 37.1712 
 34.3894 
 35.5621 
 34.3178 
 36.7362 
 34.5077 
 36.7647 
 34.2887 
 33.1093 
 33.6243 
 32.5233 
 31.6063 
 31.4014 
 33.9565 
 34.6335 
 33.5089 
 33.2641 
 31.6780 
 31.6479 
 33.8296 
 32.2550 
 31.7007 
 31.0955 
 33.2521 
 31.6991 
 28.0958 
 30.7012 
 31.8437 
 31.7659 
 32.3496 
 31.5080 
 28.5454 
 30.7226 
 28.9436 
 32.5373 
 29.0495 
 28.9059 
 28.8821 
 28.1839 
 29.2585 
 30.5171 
 27.6784 
 28.2906 
 28.8099 
 26.5786 
 27.8451 
 27.4087 
 26.7824 
 28.6448 
 27.8329 
 27.0490 
 28.0039 
 25.8831 
 27.5907 
 26.2005 
 25.4657 
 25.4192 
 24.8653 
 26.6278 
 26.0078 
 25.9649 
 21.7578 
 25.1357 
 25.6664 
 27.4109 
 26.0782 
 24.6903 
 23.7229 
 24.9017 
 22.4807 
 22.6257 
 22.8505 
 22.1337 
 23.7858 
 25.1046 
 22.7655 
 23.0790 
 25.1763 
 22.5935 
 23.6190 
 22.6917 
 20.5405 
 24.1819 
 21.6610 
 23.3992 
 22.1403 
 20.6852 
 20.8976 
 21.7260 
 22.4359 
 20.4416 
 20.8167 
 21.4278 
 21.9569 
 21.9027 
 19.9267 
 21.1173 
 20.1217 
 20.3149 
 20.4953 
 19.4589 
 20.4607 
 17.9348 
 19.9738 
 20.1937 
 18.5661 
 21.5096 
 18.9851 
 19.4967 
 17.7079 
 18.6527 
 19.1162 
 16.6624 
 18.4191 
 16.8216 
 20.0890 
 17.3158 
 21.0210 
 19.1323 
 18.5749 
 19.3755 
 17.1881 
 18.3157 
 19.4011 
 16.5721 
 17.7622 
 16.3322 
 16.5407 
 19.3995 
 17.8771 
 18.8040 
 17.3301 
 16.2007 
 16.0111 
 17.8970 
 17.1623 
 15.9381 
 14.3240 
 16.6369 
 17.0535 
 17.3567 
 17.4553 
 16.9636 
 15.0821 
 16.1493 
 16.0242 
 14.9762 
 16.3197 
 16.5336 
 15.4363 
 15.3718 
 16.1175 
 17.1024 
 16.6718 
 14.9290 
 14.4059 
 18.2286 
 18.1128 
 15.0550 
 14.5470 
 13.7553 
 15.1080 
 14.4712 
 15.0309 
 16.8896 
 16.7264 
 13.7502 
 14.6690 
 16.0227 
 14.8411 
 15.8796 
 14.5033 
 15.9632 
 15.7627 
 15.2118 
 16.9055 
 15.4418 
 14.4531 
 18.1525 
 17.7663 
 14.8002 
 17.6356 
 15.8841 
 17.1503 
 17.6417 
 17.6153 
 18.3118 
 18.7458 
 16.2837 
 18.7830 
 18.1465 
 16.2781 
 18.1159 
 17.1075 
 18.7324 
 18.7813 
 17.0706 
 19.2027 
 19.5990 
 18.4645 
 18.9132 
 18.2388 
 18.7821 
 20.3821 
 19.1330 
 21.7688 
 21.9982 
 16.9482 
 19.2856 
 18.1593 
 20.1150 
 20.7812 
 22.2038 
 23.0879 
 24.8604 
 23.7021 
 22.5423 
 22.8298 
 24.5622 
 24.5738 
 21.3306 
 24.2833 
 26.1043 
 26.1980 
 24.4068 
 26.0045 
 27.9401 
 26.9226 
 29.1024 
 28.7785 
 27.6093 
 26.1438 
 27.8983 
 30.1953 
 27.4622 
 30.5476 
 27.7695 
 28.8883 
 32.7524 
 31.1950 
 30.2270 
 31.6880 
 30.6964 
 31.5149 
 34.0138 
 31.9304 
 33.6773 
 32.4220 
 33.2738 
 34.0415 
 32.3014 
 36.1262 
 37.5808 
 36.6614 
 34.8960 
 34.3099 
 35.2340 
 37.1891 
 36.5069 
 36.6565 
 35.5831 
 35.1607 
 37.1917 
 37.1243 
 37.7017 
 37.1587 
 36.4175 
 36.3996 
 38.6902 
 35.9997 
 35.6152 
 36.6332 
 37.7115 
 36.6576 
 36.3607 
 37.5129 
 37.9738 
 36.8603 
 35.7581 
 38.8705 
 35.1397 
 35.3331 
 36.1398 
 35.3351 
 37.7310 
 36.2239 
 35.6202 
 37.4427 
 35.0201 
 36.1352 
 34.3033 
 34.6881 
 33.6733 
 35.1163 
 33.5768 
 33.4600 
 34.6044 
 35.1193 
 32.0480 
 32.5232 
 33.1885 
 32.0849 
 31.6657 
 31.7035 
 34.0975 
 32.6914 
 29.6443 
 32.2872 
 31.6693 
 31.0703 
 33.6521 
 30.7479 
 31.8222 
 31.3960 
 30.0939 
 31.7347 
 29.8388 
 31.9132 
 30.0762 
 27.5556 
 28.7465 
 30.7321 
 27.6206 
 29.5373 
 28.3470 
 27.4175 
 27.1018 
 28.0333 
 28.8626 
 28.9519 
 27.0767 
 26.8293 
 28.8207 
 27.0207 
 27.1937 
 23.7891 
 26.7545 
 27.2336 
 23.3989 
 25.7282 
 28.0223 
 23.4707 
 25.7942 
 27.0802 
 24.8283 
 25.9629 
 25.0239 
 23.3833 
 23.1425 
 22.8323 
 24.1845 
 25.5665 
 23.4577 
 21.2330 
 22.7189 
 21.2782 
 24.1272 
 23.1012 
 23.3019 
 23.3646 
 22.0411 
 23.6711 
 22.2169 
 22.3904 
 22.7967 
 21.2657 
 23.8885 
 22.6657 
 21.1757 
 22.8711 
 21.7727 
 21.2895 
 18.0741 
 22.8171 
 22.3185 
 19.5264 
 21.4434 
 20.3595 
 20.9890 
 20.2610 
 19.2885 
 21.2970 
 20.5029 
 16.9881 
 21.0226 
 20.0565 
 19.7917 
 17.1721 
 17.6951 
 18.6815 
 18.6262 
 20.3534 
 17.1819 
 17.6204 
 17.6722 
 18.7610 
 17.0322 
 18.7542 
 17.7706 
 17.0468 
 17.1590 
 18.5732 
 16.7576 
 17.0814 
 16.8726 
 17.6418 
 15.1683 
 16.2388 
 15.5385 
 16.9296 
 15.8312 
 15.4396 
 17.3241 
 16.4692 
 15.0348 
 14.7119 
 15.1075 
 14.0132 
 15.1244 
 14.9813 
 15.3703 
 15.5597 
 14.2907 
 15.8159 
 16.4617 
 15.6719 
 13.3883 
 13.8267 
 13.5618 
 16.1509 
 15.2271 
 12.7339 
 14.4300 
 13.0602 
 14.3494 
 12.8206 
 12.9069 
 13.7820 
 15.1911 
 14.9649 
 13.8450 
 13.9799 
 12.6897 
 13.5401 
 14.2839 
 11.7868 
 16.0398 
 11.5512 
 15.2008 
 12.9111 
 13.2012 
 13.3926 
 13.6170 
 14.6463 
 11.1187 
 12.7364 
 13.2828 
 11.7952 
 13.2838 
 12.4310 
 10.2800 
 13.9489 
 13.3998 
 12.6423 
 13.6766 
 12.6569 
 12.2083 
 11.0638 
 13.2668 
 11.9624 
 14.4675 
 12.6466 
 11.6234 
 12.3348 
 12.4123 
 13.9068 
 13.1772 
 12.2046 
 11.6842 
 14.1118 
 12.9677 
 11.9217 
 12.5139 
 13.9182 
 13.3929 
 11.5713 
 13.5379 
 13.2143 
 12.8822 
 12.6628 
 13.0948 
 15.3923 
 12.8579 
 14.9416 
 14.2874 
 14.1651 
 15.9387 
 14.0041 
 14.1747 
 13.7864 
 14.6210 
 15.0041 
 15.5013 
 16.1826 
 15.1473 
 14.9502 
 14.6431 
 17.4582 
 13.2829 
 16.6708 
 15.8724 
 17.6059 
 17.2583 
 17.4860 
 17.1179 
 17.7767 
 16.3926 
 18.4869 
 17.6528 
 18.1286 
 18.2852 
 18.9645 
 19.8457 
 21.1310 
 20.4820 
 22.7681 
 20.2228 
 20.5055 
 23.2709 
 23.4657 
 23.8204 
 22.9890 
 26.8408 
 23.5899 
 25.7034 
 24.3794 
 23.9393 
 25.8235 
 28.0184 
 28.8023 
 26.9240 
 27.0633 
 26.3563 
 30.1692 
 29.6454 
 29.0097 
 31.3677 
 30.6224 
 31.2832 
 31.3027 
 31.0390 
 34.1384 
 33.3141 
 32.0411 
 34.1163 
 34.5790 
 33.7018 
 35.4427 
 36.2709 
 34.0811 
 37.6585 
 35.9574 
 37.4830 
 36.6986 
 39.0951 
 37.5370 
 38.1954 
 36.9140 
 39.6801 
 38.5967 
 34.5205 
 38.1526 
 37.4954 
 38.6594 
 38.6357 
 39.2950 
 39.8197 
 38.4435 
 41.1926 
 38.4127 
 38.9119 
 38.3567 
 38.5153 
 40.9149 
 39.2031 
 39.1709 
 38.1349 
 37.6634 
 38.2590 
 38.4045 
 38.6610 
 36.4147 
 39.5629 
 37.2085 
 38.9144 
 37.9464 
 37.1942 
 37.2350 
 36.8613 
 37.6892 
 36.6300 
 35.8134 
 37.0421 
 35.0079 
 37.0973 
 35.1073 
 35.2221 
 36.7305 
 33.4640 
 32.3109 
 35.4368 
 33.4892 
 32.8397 
 34.4806 
 31.7458 
 32.9175 
 35.0694 
 33.0759 
 31.5941 
 31.6458 
 30.7369 
 31.2571 
 31.9357 
 31.4673 
 31.8706 
 32.1990 
 30.0088 
 29.2781 
 27.6903 
 31.2533 
 29.7078 
 28.1384 
 30.9441 
 29.1364 
 27.4242 
 29.8683 
 26.8595 
 28.2756 
 28.3819 
 28.2155 
 29.0685 
 26.6856 
 27.5864 
 27.4324 
 26.3552 
 23.7951 
 25.6277 
 26.5275 
 25.9433 
 25.2482 
 25.2310 
 26.4702 
 23.9887 
 22.7549 
 23.4948 
 23.7994 
 25.9072 
 25.1893 
 23.8029 
 23.7641 
 22.8673 
 24.9617 
 23.9563 
 22.7895 
 24.2900 
 21.5164 
 23.2728 
 24.1667 
 22.1984 
 22.8146 
 21.0526 
 21.2519 
 20.7491 
 23.2557 
 22.5981 
 22.1731 
 23.0414 
 21.0313 
 21.3707 
 20.5125 
 19.2329 
 20.5656 
 21.5183 
 19.3237 
 20.8727 
 21.4121 
 19.9884 
 22.3506 
 20.9281 
 18.7533 
 18.0138 
 20.4818 
 17.0293 
 19.2202 
 19.7072 
 19.4212 
 20.6876 
 20.6786 
 19.1000 
 17.4754 
 18.2304 
 19.7741 
 17.7267 
 19.2094 
 16.4180 
 18.0223 
 16.2514 
 15.6019 
 18.3753 
 17.7352 
 15.2656 
 17.8688 
 16.6412 
 16.4711 
 16.9297 
 16.1381 
 17.0451 
 16.3654 
 16.6494 
 16.5807 
 16.3412 
 15.4415 
 15.4549 
 14.7708 
 15.3235 
 15.2571 
 14.5830 
 16.2432 
 15.9060 
 16.5548 
 15.2453 
 17.8431 
 15.3027 
 15.8392 
 13.9920 
 13.1953 
 13.4308 
 15.4625 
 13.2027 
 14.7040 
 13.3501 
 15.1413 
 13.8685 
 15.9431 
 15.5214 
 12.0340 
 13.2208 
 13.1850 
 13.5456 
 13.5370 
 14.4201 
 14.0230 
 12.7065 
 10.7586 
 13.8732 
 11.8903 
 11.7718 
 14.4226 
 13.1185 
 12.6769 
 14.1596 
 11.7773 
 12.3316 
 12.9282 
 14.2656 
 11.8251 
 12.7052 
 15.6108 
 10.3768 
 10.9000 
 13.1276 
 13.2200 
 11.5242 
 11.7977 
 12.2588 
 11.1300 
  9.6246 
 11.0957 
 11.2171 
 12.6524 
 11.0700 
 13.8809 
 12.3046 
 11.4147 
 10.7385 
 11.8650 
 12.4667 
  8.9134 
 11.3868 
  9.9924 
 11.2285 
 10.8768 
 11.7212 
  9.6750 
 12.4830 
 13.3952 
  9.6534 
 11.6334 
 10.0545 
 10.2631 
 10.7369 
 14.0951 
 11.0539 
 12.5680 
 12.1627 
 11.3547 
 12.4265 
 11.7626 
 11.0442 
  9.9674 
 12.5907 
 10.7394 
 11.7483 
 11.3038 
 11.2141 
 13.7679 
 11.3785 
 13.7612 
 11.8230 
 12.9868 
 11.4384 
 13.4101 
 13.3509 
 15.5389 
 15.2079 
 13.0047 
 14.6593 
 13.8626 
 13.6096 
 13.9134 
 13.8612 
 13.8167 
 13.9228 
 14.4887 
 16.5600 
 15.6448 
 16.2119 
 16.3155 
 17.5139 
 19.3777 
 17.9235 
 16.6219 
 16.5375 
 17.9730 
 18.6224 
 17.5546 
 18.7268 
 20.3907 
 17.0628 
 22.5744 
 19.6655 
 18.6508 
 21.8158 
 20.3033 
 22.7067 
 23.9214 
 23.1460 
 25.7696 
 24.4421 
 24.7404 
 25.5991 
 28.3889 
 26.5038 
 25.4058 
 25.4259 
 27.4921 
 29.6896 
 30.5230 
 30.1053 
 30.7482 
 32.1887 
 32.3081 
 31.2488 
 31.9182 
 33.8930 
 32.1099 
 34.3269 
 33.8978 
 34.4273 
 35.7861 
 32.8864 
 36.6373 
 34.9304 
 35.2712 
 37.7894 
 38.7574 
 38.4723 
 38.2588 
 37.7431 
 39.1434 
 39.5454 
 36.6472 
 38.2279 
 39.4884 
 37.2465 
 40.2799 
 40.4878 
 42.3049 
 40.5530 
 40.8885 
 41.7208 
 41.5608 
 40.2460 
 39.6602 
 39.8891 
 40.8308 
 38.8345 
 39.1114 
 38.5087 
 41.3368 
 38.9344 
 40.3739 
 38.6223 
 38.8976 
 39.4199 
 37.2685 
 38.9764 
 39.3829 
 37.7933 
 38.9591 
 36.3922 
 39.5812 
 37.2179 
 37.0325 
 35.7842 
 36.6817 
 33.8431 
 37.1136 
 35.3983 
 35.6971 
 37.9041 
 33.2732 
 36.0064 
 32.0704 
 34.6350 
 35.0832 
 33.7231 
 33.5982 
 31.8624 
 30.8633 
 31.0765 
 34.5156 
 31.9365 
 29.6462 
 31.8682 
 31.2438 
 29.1402 
 30.9754 
 30.6940 
 28.6559 
 29.2160 
 30.1846 
 30.3285 
 30.3417 
 29.9008 
 30.1929 
 29.3875 
 27.1447 
 27.5425 
 29.2200 
 27.7789 
 28.3955 
 25.0326 
 27.0821 
 26.5739 
 27.3338 
 27.1840 
 25.7199 
 25.9887 
 25.4197 
 25.9866 
 24.7589 
 25.5527 
 23.3522 
 25.3434 
 24.8330 
 25.3242 
 25.0481 
 25.0505 
 25.4891 
 23.5609 
 24.1047 
 23.1443 
 22.8898 
 23.4250 
 23.5341 
 25.4518 
 23.4760 
 23.8674 
 21.9497 
 22.1983 
 21.8118 
 22.0645 
 22.8601 
 22.4571 
 23.1585 
 23.8935 
 22.6929 
 21.1361 
 20.6536 
 22.6818 
 21.4371 
 20.7308 
 23.0256 
 19.5715 
 19.2299 
 21.5294 
 23.2286 
 20.2789 
 19.8319 
 20.3064 
 19.7161 
 17.7515 
 20.7522 
 19.3882 
 18.3254 
 19.6723 
 18.2364 
 16.7108 
 19.4068 
 17.3224 
 18.9666 
 17.1233 
 19.6623 
 16.9447 
 16.1695 
 18.9962 
 18.2512 
 17.7851 
 16.9279 
 17.7143 
 17.4586 
 17.9379 
 17.8564 
 16.9289 
 17.2453 
 16.2650 
 16.2209 
 18.2511 
 16.4766 
 16.7391 
 16.0685 
 18.8499 
 15.3862 
 17.3547 
 17.4350 
 15.8341 
 17.3070 
 14.6924 
 16.8642 
 16.7818 
 14.5880 
 16.5374 
 15.8990 
 18.4554 
 14.2303 
 14.2118 
 15.4873 
 14.9585 
 15.0071 
 12.9177 
 14.7699 
 15.5559 
 15.8685 
 14.7157 
 16.4443 
 15.2307 
 14.6516 
 13.6843 
 12.9532 
 14.4095 
 15.1780 
 12.7002 
 14.4117 
 14.8085 
 14.4971 
 15.7925 
 17.3950 
 15.0539 
 13.0753 
 15.4702 
 14.0476 
 12.7666 
 15.3404 
 13.8219 
 14.5361 
 11.7641 
 12.1809 
 17.0769 
 12.9848 
 12.4855 
 15.5360 
 15.2999 
 14.6547 
 12.9633 
 15.2488 
 13.3209 
 12.1681 
 12.0102 
 13.5104 
 15.2848 
 13.3264 
 13.5037 
 15.8239 
 14.3226 
 12.3015 
 16.5612 
 13.7079 
 15.0514 
 15.4422 
 15.5393 
 16.5690 
 13.8594 
 15.4994 
 15.8838 
 17.0512 
 14.9955 
 15.6341 
 17.6205 
 16.2203 
 15.2314 
 15.3189 
 17.5633 
 18.2061 
 17.7649 
 17.4323 
 14.5815 
 17.4397 
 17.4804 
 17.3759 
 20.6378 
 17.6890 
 19.3891 
 16.1384 
 19.0411 
 20.1046 
 21.6560 
 20.2361 
 19.9361 
 20.5231 
 19.3054 
 21.4564 
 21.4027 
 23.9146 
 23.9557 
 23.5107 
 25.0295 
 22.0763 
 25.6705 
 23.6845 
 23.5950 
 27.4191 
 24.1031 
 25.3636 
 27.4937 
 25.8654 
 27.5875 
 27.2202 
 27.2257 
 26.4294 
 27.7613 
 28.4975 
 30.9558 
 31.2363 
 29.3859 
 31.4510 
 32.1865 
 32.6492 
 32.7689 
 33.0844 
 34.9012 
 33.9036 
 33.2981 
 35.2088 
 35.9774 
 34.1919 
 35.6529 
 35.9293 
 37.2574 
 34.3792 
 37.1316 
 36.1345 
 37.7443 
 39.2144 
 37.0286 
 36.8977 
 39.6688 
 37.0741 
 37.9759 
 37.6356 
 37.4465 
 40.5500 
 38.1704 
 38.7565 
 39.5140 
 40.1033 
 39.1051 
 38.3275 
 37.1574 
 37.0285 
 37.7765 
 37.9481 
 36.1568 
 36.8841 
 38.5439 
 37.5174 
 37.7946 
 37.9104 
 37.8077 
 36.3707 
 39.0564 
 40.4808 
 37.5094 
 36.2877 
 36.5059 
 35.8257 
 36.2220 
 35.7739 
 33.0682 
 33.4271 
 35.8943 
 36.2724 
 36.1100 
 35.4358 
 34.5160 
 34.3324 
 33.2780 
 34.4912 
 30.4452 
 33.8221 
 31.9901 
 33.6071 
 31.2153 
 32.3948 
 33.1991 
 31.7990 
 31.1507 
 31.6939 
 31.4355 
 30.7121 
 29.7707 
 29.9561 
 29.5820 
 29.1722 
 31.8791 
 30.4822 
 28.6967 
 29.8944 
 30.3570 
 30.3500 
 27.0203 
 27.9585 
 27.8392 
 27.7450 
 28.5428 
 27.5207 
 27.8676 
 27.9045 
 25.8483 
 26.5775 
 27.8233 
 25.2571 
 27.2371 
 26.1282 
 25.7927 
 26.5479 
 25.0503 
 24.6682 
 25.7790 
 26.5038 
 24.9520 
 25.7262 
 23.9239 
 24.1229 
 24.3781 
 24.9400 
 25.6382 
 25.3543 
 22.8405 
 21.6270 
 24.8081 
 24.0657 
 22.8032 
 24.4673 
 22.4713 
 24.0094 
 21.2150 
 23.2783 
 24.4102 
 21.3608 
 23.5450 
 24.4081 
 21.9801 
 21.2595 
 20.9296 
 21.4921 
 20.5789 
 21.7384 
 21.9787 
 19.1269 
 20.0967 
 19.9754 
 22.4119 
 20.5136 
 20.8847 
 19.6863 
 20.5171 
 18.9208 
 18.9360 
 20.1647 
 19.1571 
 20.4179 
 18.9364 
 18.9060 
 16.5237 
 17.8700 
 16.7098 
 19.0756 
 17.8225 
 18.0670 
 18.5304 
 16.8465 
 17.6957 
 18.0782 
 16.5953 
 15.5156 
 18.2970 
 14.2218 
 17.5204 
 18.4731 
 17.7729 
 15.8495 
 15.9822 
 17.6192 
 15.7186 
 16.8329 
 16.3650 
 14.9521 
 19.0531 
 13.6233 
 15.4321 
 16.2345 
 15.6849 
 15.7334 
 16.6776 
 14.1872 
 16.5947 
 15.8471 
 15.4860 
 15.8012 
 13.2881 
 15.0803 
 14.7150 
 13.5233 
 13.3425 
 14.5099 
 13.3612 
 14.2715 
 14.3103 
 15.2529 
 14.4204 
 13.6016 
 13.0613 
 12.2440 
 12.9685 
 14.6654 
 13.3511 
 12.3864 
 11.9744 
 12.0894 
 13.8689 
 11.4072 
 10.5919 
 13.4974 
 13.4043 
 12.3503 
 12.9552 
 10.1733 
 14.2765 
 10.0352 
 13.6688 
 11.2349 
 13.3862 
 11.4779 
 11.2345 
 12.5940 
  9.8513 
 11.7602 
 11.3689 
 11.7278 
 10.0903 
 13.1401 
 10.0195 
  9.7771 
 12.2661 
 11.5140 
  9.7924 
 11.8903 
  7.9506 
 10.5976 
 10.7931 
 10.0428 
  8.3537 
 11.6604 
 10.3276 
 11.8414 
 10.3182 
  6.9036 
  9.9529 
  9.0516 
  8.5014 
  9.8097 
 10.1533 
  6.9782 
  9.9048 
  9.5391 
  9.6889 
  9.7124 
  7.3451 
  8.3285 
  8.4275 
  7.6482 
  7.8672 
  9.4738 
  9.7727 
  6.7324 
  7.6895 
 10.4715 
 10.2076 
  8.5618 
  6.0241 
 11.2451 
  8.8267 
  6.9843 
  7.2756 
  8.0948 
  9.6706 
  7.1698 
  7.1530 
  8.1212 
  7.1525 
  7.5285 
  8.4109 
  7.4825 
  7.9672 
  6.1878 
  7.8722 
  8.0328 
  7.8498 
  7.6112 
  6.5169 
  7.7587 
  7.4791 
  6.4580 
  7.8552 
 10.5082 
  8.9869 
  5.5901 
  7.8911 
  5.6167 
  4.5857 
  6.9069 
  6.7119 
  6.3444 
  7.5882 
  6.9904 
  5.7680 
  6.9548 
  7.0728 
  6.0649 
  8.0600 
  6.1567 
  6.2440 
  6.4503 
  7.2559 
  6.4803 
  6.3132 
  7.9045 
  8.6928 
  6.1761 
  6.2232 
  5.9599 
  5.3568 
  7.3214 
  6.5018 
  4.0501 
  3.4489 
  7.1985 
  5.6462 
  3.7932 
  8.7854 
  7.2722 
  5.1782 
  6.7665 
  6.4078 
  5.5950 
  4.7553 
  5.8614 
  5.5457 
  5.6502 
  3.8223 
  5.9710 
  4.5468 
  6.0359 
  6.8277 
  6.3096 
  6.8317 
  6.1504 
  5.3856 
  5.7839 
  6.4899 
  9.4639 
  4.4796 
  6.4858 
  7.2186 
  6.2130 
  4.3720 
  8.0674 
  7.6285 
  7.5661 
  5.6322 
  6.5805 
  7.6756 
  7.2379 
  5.7164 
  6.8618 
  7.9216 
  6.1260 
  7.7507 
  6.0867 
  7.2154 
  6.7669 
  8.4690 
  6.6272 
 10.5055 
  7.0201 
  6.4497 
  7.5894 
  6.6738 
  8.0402 
  7.7328 
  7.8647 
  9.1151 
  9.0974 
  9.3126 
  8.4948 
 11.7303 
  9.6778 
  9.4481 
 10.6146 
 10.5836 
 11.1373 
 11.3971 
 11.0857 
 10.0299 
 13.6855 
  9.7703 
 13.6667 
 11.1489 
 15.6026 
 14.3295 
 12.9162 
 12.6791 
 14.5991 
 16.3030 
 16.9401 
 18.1519 
 16.9905 
 18.2366 
 21.4521 
 19.9071 
 16.7069 
 21.5122 
 22.6376 
 21.6568 
 22.4825 
 25.5458 
 24.6808 
 26.1200 
 26.0269 
 26.3430 
 27.4006 
 26.0896 
 31.8252 
 29.7486 
 30.7895 
 31.0906 
 33.1371 
 31.5754 
 31.5267 
 32.5303 
 35.3340 
 35.8103 
 34.8157 
 35.3341 
 37.1602 
 38.1277 
 38.7286 
 37.9267 
 39.5975 
 40.3449 
 38.8403 
 39.5766 
 41.1873 
 41.0899 
 43.2677 
 44.6287 
 45.1562 
 44.0994 
 45.5739 
 43.8185 
 44.3044 
 44.7678 
 44.8940 
 42.3202 
 45.5419 
 45.1810 
 44.6092 
 45.4435 
 44.2912 
 45.0051 
 45.0895 
 45.0511 
 43.6663 
 42.2642 
 43.1702 
 41.8261 
 41.7627 
 43.1037 
 41.8340 
 43.0190 
 42.9544 
 41.5206 
 39.2761 
 40.6530 
 40.2632 
 41.4340 
 40.6138 
 40.4648 
 38.4697 
 37.4926 
 38.6610 
 37.9337 
 37.3828 
 36.9234 
 36.8892 
 36.7543 
 35.0492 
 37.3826 
 34.5651 
 35.7048 
 36.6380 
 36.8060 
 34.0075 
 34.3548 
 32.2308 
 32.4952 
 33.0324 
 32.7198 
 33.1142 
 31.6600 
 32.1274 
 32.2022 
 29.9883 
 31.9738 
 31.8351 
 31.9688 
 29.6991 
 30.4360 
 29.2856 
 31.4026 
 30.2938 
 30.3010 
 27.9328 
 27.7477 
 29.3231 
 28.5703 
 28.8437 
 27.9120 
 28.9944 
 28.0027 
 30.1739 
 28.0540 
 25.6355 
 27.9049 
 28.5622 
 27.6382 
 25.2475 
 27.4036 
 26.3536 
 25.4312 
 25.9697 
 24.0013 
 26.2502 
 25.1940 
 26.9048 
 24.1106 
 26.8146 
 25.5944 
 26.2744 
 26.7973 
 24.7863 
 24.5607 
 25.0933 
 22.5671 
 23.2904 
 25.4121 
 24.3797 
 23.8232 
 23.8757 
 23.8242 
 24.2158 
 23.3719 
 23.4646 
 22.8640 
 23.1170 
 21.9273 
 22.9712 
 23.3175 
 22.4973 
 23.0779 
 22.7901 
 21.5691 
 23.1592 
 20.3242 
 21.6224 
 20.0071 
 22.5083 
 22.0610 
 22.7405 
 21.8827 
 23.1146 
 20.4281 
 22.6919 
 21.2277 
 22.9846 
 21.8842 
 22.8986 
 20.9870 
 20.0654 
 22.5182 
 22.1945 
 22.0577 
 20.3473 
 22.9861 
 20.3527 
 21.4315 
 21.8191 
 20.8312 
 19.8639 
 21.9807 
 20.3872 
 20.7025 
 20.7409 
 21.6864 
 20.6856 
 20.7285 
 19.4754 
 21.4208 
 19.3115 
 20.0967 
 20.7114 
 20.4273 
 22.3125 
 19.7913 
 22.9500 
 19.6566 
 20.3388 
 19.6881 
 19.6795 
 19.8781 
 18.7676 
 20.7615 
 22.2599 
 21.2485 
 20.7312 
 21.9405 
 22.9041 
 22.7942 
 23.2112 
 21.7624 
 21.2706 
 21.4982 
 22.6042 
 20.0193 
 22.5900 
 21.3321 
 19.6445 
 21.2150 
 23.1937 
 21.9793 
 22.5936 
 22.5289 
 20.9162 
 22.3774 
 21.5205 
 22.1708 
 22.0822 
 23.4503 
 22.7846 
 21.4521 
 22.8260 
 23.9611 
 24.6735 
 23.3683 
 24.0591 
 22.0462 
 23.8654 
 25.0797 
 25.6780 
 23.0763 
 25.8437 
 25.3627 
 27.4367 
 26.2929 
 26.0932 
 24.1992 
 24.6706 
 24.9382 
 27.2122 
 26.9289 
 26.6633 
 27.0625 
 27.2039 
 27.5706 
 25.8506 
 30.7089 
 29.1893 
 27.7904 
 26.6314 
 28.1010 
 29.4431 
 28.3644 
 26.8579 
 29.4094 
 27.8033 
 30.1572 
 30.0255 
 27.8940 
 30.8087 
 30.9384 
 30.6788 
 29.9609 
 31.4723 
 28.5229 
 32.4888 
 33.4244 
 32.0875 
 31.5304 
 30.5873 
 31.8976 
 33.4446 
 34.0333 
 30.6330 
 31.6740 
 30.7558 
 29.8895 
 31.8450 
 34.0269 
 33.0808 
 32.0876 
 32.7019 
